410258497
334493767
871033690
945144174
865265141
436627062
859018820
383942368
254949913
308075644
119629787
595096631
345758642
437943461
616335720
97828567
745431529
354679703
332729869
588030981
220013868
618165421
280846902
414887746
415992149
367413308
947332911
338469100
145116256
152749085
503568481
24181510
62272371
751246274
545606160
619013493
585947714
275842465
559203684
386886483
659441138
151287096
326608449
841902272
375764387
735760655
217251905
746307251
784531544
780812586
768703709
417415069
573115991
457578546
450776440
775347378
766537507
336927108
87778650
168061530
461734061
258866885
286966776
303693321
381140816
103367918
393867767
143501912
478351500
442322132
305849818
729874228
695256035
225351678
369086259
895762889
422702931
873975774
299912116
398358146
382119261
295788055
34378550
477709916
846643520
368596739
999252760
326431173
629784787
88620608
337869827
468699893
664179023
917417090
190110624
949189234
672781606
472780209
977131901
376581182
539108659
268872361
858724168
66522391
470546235
471500856
730226221
944505300
382183360
618667758
848743191
787838588
510877228
939931342
547541142
964640782
629843314
595070282
56212024
119479482
896716863
886858366
694218783
783383782
588618067
522739918
137518908
353717945
550462313
445044634
359090920
20728001
739985292
95149714
520288281
311384082
169142439
340706006
366319945
944245131
811138400
233908002
192724618
19813073
987411020
778064388
800292596
311388912
482738826
258249564
229226647
521587206
680153256
841840113
332265337
993319953
409911482
943394686
953064935
647413205
855624820
660360015
306540446
105373873
247592957
506414980
890429921
9193795
885345080
619604860
632789340
7395926
554693672
361296279
812636665
256691910
534733983
810034859
676217598
947424122
267518872
149704438
528929848
785507846
170766719
884786822
562653444
835126533
530237387
563300284
258165445
200568279
655854529
393440300
596091177
323151472
17013401
78461425
694555470
867933174
774323267
374831188
823083449
325150179
804032527
617432657
393959085
59187973
6412043
174045680
696060315
103913122
893492133
691219597
104975977
795397762
799850921
889776512
558294123
905183693
543834573
597242054
831928522
775608670
697144822
843046896
22024604
3114586
306021507
193741766
761054890
789855843
809575116
924263470
667137509
42836090
37537069
777843351
716767052
24266940
99097652
646292732
835335974
362687396
5449053
436703559
196050443
784605944
246595469
850091954
513861410
207252003
488829672
583012847
742913554
123438593
854967234
715431881
30109707
922373616
192651814
599765804
411191912
293531997
981157237
629226056
368485814
137950942
976375161
179100950
757610213
317592444
119258926
101429364
422972996
638002274
262257317
696844517
543848948
575577424
87220297
280940560
646920144
5929833
307070029
785556035
101239159
975558758
131941046
365941858
468071913
241358135
211237886
304111409
988263724
639200627
500878155
30171451
542004000
221617468
625140020
889379333
462429135
784812687
689974463
247592317
576297120
423722290
302459065
493635171
62786296
641140712
201145331
756983388
616479017
25710511
393782701
990398562
394501846
556351390
774061752
672096570
38332182
234222379
523664822
55990625
950923765
248248165
895795015
980427432
604628367
205903379
751450541
185027893
77832112
393051017
892769197
459489165
561473662
20333874
98289936
60395959
988080450
69105210
821732790
43885632
90559517
487574296
553391799
225331333
360476014
810461515
42439875
8719351
371498582
202769825
947407564
713464765
581572684
198502380
967339361
657204881
548458565
579899471
891549803
323913876
405989763
477038629
459731589
11001849
485025122
150052157
454056661
575790969
987115288
561613811
872583433
519180679
596459219
55273713
215773093
777267912
9625437
839706007
680917265
476054361
658977727
483232143
428426926
842713839
514067546
912736790
108855304
383122197
378979549
243235314
614329427
160302410
53331881
26684790
181280507
447177168
69244815
64468731
670013817
469472320
452066320
306526692
565053825
352525850
966034536
9132271
659375551
407952801
232094158
743475028
638510956
384982659
153648003
196304018
302721336
859750516
152884264
954513410
330950408
52877489
97619327
565227937
20292534
26776546
564048710
654016231
678433959
911348560
134002660
522691289
140802546
612099892
26598913
329069882
924990683
815824007
644887979
718977454
883720124
837989538
142776408
467121084
265236447
616479839
759691528
34129561
188446249
607384041
679480836
941092192
426508183
912755977
610997314
204470211
387540967
2665937
668163856
102193103
590963975
450498702
616184794
439902736
460363482
447680136
70270816
192801738
401719627
428826986
988427462
68110519
842180508
127062068
969384060
791117941
900877831
102061160
524441082
376445253
747872294
394433412
796459065
175890476
33688738
986645210
187442196
446099082
965535416
67349822
417903280
960786298
122810592
812654531
745060583
746174430
759452224
222225273
561256746
767217718
338786596
172772490
219051221
489646538
876085144
399103626
33175136
414322691
87880421
299302833
96841236
550948706
37865971
628664771
94618762
534846347
847343937
293044378
927631485
613447753
402276537
239096347
515636901
162338348
903605790
776102099
913078788
473077388
685514894
61735316
666592436
414869390
994887220
482797934
13696051
877847499
751048232
366704468
389934954
996376718
793576127
80494747
966438725
531257668
12769049
334173861
776239865
481419475
932124243
751553852
713507768
249039980
470893098
819238618
747857884
997528768
491427665
96711154
407357933
297384159
810464513
399367866
388167261
643749039
828298520
566234863
446078988
746447274
36143696
390770444
683029976
902124139
865771118
577367044
607608235
231057192
485449638
962202265
795308712
807727406
90125250
702931700
867171777
531550058
835348947
86777059
717634297
816522677
379630501
963653754
844249772
612825005
294726138
758835134
818169060
300452207
457717273
952263575
496643073
544637337
339813197
780588289
226297678
645622013
792468717
250556601
844330341
37994594
956330041
289760062
731617364
110599099
708544414
183188165
518785684
933471095
673821020
385339038
652045781
366046815
9232440
850179170
803017763
902150126
958114535
386629500
674937186
290198881
578371559
457394026
686026783
825790013
231170101
396021728
951520905
586572788
196632496
609593804
768599853
715822127
975541269
303773189
908241404
581498358
758448510
41052831
412298559
983236066
558036768
373973227
358539830
689717599
971764279
108701785
968444312
920927383
830444464
867923318
631781632
454993097
814918274
114617387
528780181
912420715
895022989
822323987
400565202
622309291
426635816
784578503
651115105
3509362
996772378
721495969
210051656
425512665
528563655
766224953
852255341
421832319
621748659
72674423
805819681
813176526
276499261
2102256
411940562
454026098
935887329
376502295
414428114
805516500
470639145
802390075
913840251
810031665
21788970
610956152
730555822
707269653
362610908
726143386
833640719
264417854
40732988
538716401
270882257
83359879
926422143
174880115
787028091
74640998
538592873
501900446
818510845
206424238
87639581
314239104
927649594
808383057
882954114
38077074
638049211
523236924
591311195
116172377
67139065
968359420
925701045
382418037
958060374
346142642
865944474
569563060
716080461
466492332
117110967
691734978
686144531
904131054
664972552
13487687
428247850
19796208
588326255
665566274
550013444
474240314
118773388
880555408
62069274
695038051
921711361
469602006
83719923
369818504
666694371
343803292
574994839
569061921
64701074
462223361
173948655
993203412
580061472
413730233
286913351
241173807
533318693
884707034
659697332
239429440
961955455
323590303
380135582
172561388
88248168
349275282
436411519
383147637
551143719
688984692
606273285
460058887
348782473
304040505
266005603
634169710
264049214
997887823
777406692
821851104
680415763
494705777
558388603
808797564
473434872
334393676
716470364
168034161
683796927
995819325
474151811
701410166
938093251
182376035
900665935
599726915
865425302
572456207
951418893
38922706
69883582
863807462
856708385
102296304
632611111
610199098
768020041
73958905
608821231
154126207
3317740
136808854
267684859
915390883
169454214
720344929
544730460
631963609
80728006
35246196
597265439
942206229
618155521
301321293
330793981
965761027
693707349
320982160
178914468
32047957
548693069
593579510
24149701
497056365
228877449
539656265
781589774
953736893
918041095
248425425
52978876
225894447
731015014
986826612
307712542
288713064
79648916
107156905
506825812
404583274
509928023
237511748
81159065
583900105
479953803
539653174
25691353
422583118
306403464
794072769
285788174
750132366
619112586
406983818
436596561
607153570
103990091
242581415
35903780
451064254
94293937
671849663
329840950
891994012
904527681
573316485
221896766
609456888
557903448
913052049
808481086
244317230
782610601
464561905
303761707
557942116
684938380
819266622
476405585
622301811
714174303
605451700
379089032
396243599
239428673
329321628
763021482
151106110
518934671
777148724
164944324
805323735
488135677
412491156
278441003
786506585
741777864
118854647
514776763
121588378
726015746
60039135
646577014
840670786
329868133
51219037
13741993
446918109
685445905
465945740
926322388
631679800
973375021
741015710
559432876
909903748
460712286
520276063
4040383
903385035
925639359
223570087
163282848
544622253
218907891
567721855
286695858
950498309
977008948
463970943
29770665
183150555
518966846
847362971
419588582
367930436
862160051
125911779
745477854
24597351
521038971
779970021
434714135
581891189
214903058
313683328
758474139
249040949
884168915
418575118
882593134
463782923
771027765
585588452
956305641
351717235
247745128
123540195
982174842
113579172
52364056
33126371
548058417
598109441
483511905
857863693
268860378
273446949
261723854
968398433
866849793
890974425
830117093
87795939
